IceThorn1,2605,2626,1644,1660
SmallWoodenCottage,2578,2589,1559,1567
ShrineSmallFire,2598,2608,1864,1874
StoneMazePath,2640,2642,1895,1897
StoneMazePath,2619,2621,1892,1894
StoneMazePath,2622,2624,1892,1894
StoneMazeLitRoom,2625,2630,1892,1897
StoneMazePath,2637,2639,1895,1897
StoneMazeEndChest,2622,2624,1889,1891
StoneMazePath,2631,2633,1892,1894
StoneMazePath,2622,2624,1895,1897
StoneMazePath,2619,2621,1889,1891
StoneMazePath,2637,2639,1898,1900
StoneMazePath,2625,2627,1889,1891
StoneMazePath,2619,2621,1895,1897
StoneMazePath,2631,2633,1895,1897
StoneMazePath,2634,2636,1895,1897
StoneMazePath,2625,2627,1898,1900
StoneMazePath,2628,2630,1889,1891
StoneMazePath,2622,2624,1898,1900
StoneMazePath,2622,2624,1901,1903
StoneMazePath,2625,2627,1901,1903
StoneMazePath,2628,2630,1898,1900
StoneMazePath,2628,2630,1886,1888
StoneMazeEndChest,2631,2633,1889,1891
StoneMazePath,2628,2630,1901,1903
StoneMazePath,2625,2627,1886,1888
StoneMazeEndChest,2640,2642,1898,1900
StoneMazePath,2628,2630,1904,1906
StoneMazePath,2631,2633,1904,1906
StoneMazePath,2625,2627,1883,1885
StoneMazePath,2619,2621,1898,1900
StoneMazePath,2622,2624,1886,1888
StoneMazePath,2631,2633,1898,1900
StoneMazePath,2628,2630,1883,1885
StoneMazePath,2631,2633,1883,1885
StoneMazePath,2634,2636,1883,1885
StoneMazePath,2625,2627,1904,1906
StoneMazePath,2634,2636,1904,1906
StoneMazePath,2631,2633,1901,1903
StoneMazePath,2637,2639,1883,1885
StoneMazePath,2634,2636,1886,1888
StoneMazePath,2634,2636,1901,1903
StoneMazePath,2637,2639,1901,1903
StoneMazePath,2634,2636,1898,1900
StoneMazePath,2640,2642,1883,1885
StoneMazeEndChest,2640,2642,1886,1888
StoneMazeEndChest,2622,2624,1883,1885
StoneMazeSmall,2619,2642,1883,1906
CuboneSkull,2661,2719,1837,1898
